31
7
77
30
6
76
26
6
78
26
7
80
25
4
83
26
3
87
27
4
89
27
5
93
26
7
94
21
8
94
15
10
95
11
12
92
12
13
87
12
14
84
15
13
83
16
12
84
15
8
89
15
7
90
15
8
89
17
8
88
16
8
85
22
12
88
29
18
91
38
29
96
48
42
101
53
54
105
56
60
113
73
77
125
92
92
132
105
103
133
111
109
128
119
114
129
122
115
130
123
116
131
118
115
130
120
121
131
120
123
128
121
125
126
122
124
124
123
124
122
124
122
121
126
121
123
123
115
125
114
107
122
108
103
124
93
89
114
85
79
104
77
69
100
66
53
99
56
38
97
52
30
102
47
24
106
46
20
110
46
21
113
44
22
110
41
22
107
38
22
105
37
22
103
36
25
98
35
27
98
31
27
98
29
27
103
33
27
116
36
25
121
36
22
118
42
23
116
55
32
117
63
40
122
65
44
123
79
63
134
92
79
141
112
102
149
118
111
144
122
120
140
127
124
139
128
127
137
126
128
136
127
130
135
127
132
135
127
131
132
130
129
131
133
127
132
132
124
135
133
122
138
135
119
137
125
106
127
111
88
116
98
76
111
80
60
107
69
48
110
59
36
110
52
28
112
49
24
112
46
19
113
45
13
114
44
11
115
40
12
111
38
13
111
36
16
113
39
19
116
41
21
118
40
20
117
41
23
117
45
29
117
51
39
115
56
48
113
66
58
118
82
75
126
94
88
129
103
100
132
110
112
136
113
116
137
112
109
134
96
94
124
84
83
123
76
74
120
69
64
115
65
58
109
61
50
100
70
55
106
86
67
118
95
76
127
98
87
137
111
103
144
135
126
153
144
133
153
144
131
153
142
127
148
144
130
148
147
134
150
144
133
149
143
133
145
145
136
139
145
137
138
147
136
139
143
134
137
143
135
136
139
134
135
135
134
136
132
133
137
125
125
131
118
113
128
103
91
119
87
68
111
76
53
108
68
41
107
59
35
107
48
27
102
44
24
101
40
21
102
37
19
102
37
18
105
33
15
104
34
16
105
37
19
110
35
20
111
29
18
111
28
17
113
28
17
113
26
17
114
25
15
115
25
14
116
26
12
117
26
11
116
29
12
117
30
14
115
29
17
113
29
20
111
25
22
108
20
23
108
17
24
109
15
26
110
13
26
112
14
28
111
16
28
106
18
28
106
22
25
110
32
24
117
49
26
124
55
24
121
70
39
130
87
61
137
95
82
134
106
96
132
124
109
136
130
118
136
127
123
135
123
122
131
125
122
131
125
120
129
125
120
129
124
116
126
132
121
131
135
124
132
126
125
127
125
129
130
122
127
130
125
128
132
127
127
133
123
123
129
113
116
124
95
101
114
87
88
114
83
82
114
55
51
86
48
40
81
43
30
84
38
24
88
34
22
94
28
15
95
29
11
100
34
10
105
33
3
106
38
3
107
36
1
105
44
12
113
37
13
107
38
32
111
34
53
110
40
64
106
70
80
114
91
95
124
110
111
139
117
117
141
121
120
140
126
126
140
130
129
138
137
136
138
137
135
134
137
136
132
142
137
134
146
141
138
146
138
139
146
139
142
145
139
144
139
131
141
143
133
149
143
136
151
137
134
143
135
137
145
125
127
135
115
116
130
94
90
115
76
63
109
74
48
126
63
27
127
53
11
122
49
7
124
45
5
124
39
4
122
37
7
120
34
9
119
32
11
120
30
11
120
28
12
120
27
12
120
25
13
119
24
14
120
21
14
118
17
13
116
19
15
118
20
16
119
20
16
121
22
18
123
20
17
126
19
16
126
15
10
125
12
7
122
15
6
122
17
7
121
23
7
119
23
4
113
28
5
113
28
6
112
27
7
113
24
7
112
25
8
113
28
11
116
35
15
121
34
14
120
31
11
117
28
11
114
26
12
113
26
18
111
28
25
110
34
34
110
50
51
119
65
66
124
90
90
136
109
108
140
119
117
137
130
125
140
135
125
142
138
127
143
138
127
137
140
130
136
139
132
137
146
139
144
146
140
145
144
138
143
141
136
138
144
142
142
139
139
139
134
136
136
137
139
139
134
136
136
137
139
140
136
141
140
131
138
135
133
143
137
130
145
137
130
145
137
131
142
139
139
144
147
138
137
147
130
121
141
129
112
139
117
92
130
107
76
127
82
49
110
65
34
103
58
29
102
50
20
96
52
23
103
47
19
109
42
18
113
32
16
117
31
18
120
30
17
119
30
16
118
32
12
118
34
12
118
31
9
115
30
10
117
25
9
117
24
9
117
25
6
115
25
5
112
31
8
114
34
9
113
31
10
109
31
11
110
31
10
112
31
9
115
33
9
117
32
8
120
30
7
121
31
8
124
35
10
124
34
10
122
35
10
120
37
10
120
37
7
120
39
5
123
41
6
126
40
5
125
42
9
124
42
13
122
40
17
115
37
18
111
35
18
109
33
18
110
32
14
113
28
11
114
29
12
117
26
11
116
23
12
114
23
15
116
25
13
119
23
12
122
17
11
124
15
10
125
15
12
127
16
10
127
21
11
131
23
11
131
25
10
132
27
10
131
31
10
126
33
13
126
31
13
126
28
14
126
27
15
127
25
16
127
21
14
125
25
16
126
24
14
121
28
15
123
29
14
122
29
14
122
25
15
122
22
14
121
21
13
120
21
12
122
24
12
124
26
13
128
21
12
129
20
12
129
20
13
128
19
12
127
20
13
128
20
15
130
22
14
131
22
12
132
28
11
132
30
9
131
35
7
130
35
9
127
33
10
124
30
11
120
24
13
115
22
15
112
27
19
112
28
20
113
29
21
116
28
20
120
27
17
124
28
14
126
29
12
127
29
10
126
33
11
123
35
12
121
36
11
121
38
13
123
40
15
127
41
16
126
41
18
124
40
19
122
43
22
124
40
19
122
38
15
123
39
16
125
37
15
127
32
14
127
27
14
129
24
16
130
19
15
128
19
16
126
20
14
125
21
15
124
22
14
121
21
13
120
22
14
121
20
14
121
20
16
122
21
17
123
20
15
124
21
16
125
20
14
125
22
16
127
21
15
126
23
16
127
21
15
124
24
15
125
25
15
121
30
16
121
30
16
118
39
21
120
45
25
124
51
33
126
59
50
130
73
72
136
92
96
145
116
120
155
135
137
161
141
141
157
145
141
152
152
149
151
154
153
149
153
154
145
150
151
142
153
150
145
154
149
148
153
148
149
152
150
150
151
151
151
147
149
149
144
149
148
134
137
141
122
122
138
102
93
133
83
69
127
70
53
126
57
38
125
46
26
121
46
23
129
47
20
137
42
17
137
36
17
134
42
22
135
52
22
135
54
24
129
58
38
133
79
66
146
101
88
150
114
106
153
120
119
158
128
131
162
124
128
157
118
120
155
111
105
152
94
85
141
73
65
128
54
45
118
48
36
124
45
34
131
39
30
134
38
28
134
37
25
131
37
23
129
35
21
127
34
20
126
34
18
129
33
17
128
32
16
128
31
15
127
31
15
127
31
15
127
29
16
126
29
16
126
30
17
125
28
18
125
27
17
124
25
17
124
22
14
121
19
14
119
15
14
117
14
16
116
14
16
116
15
14
117
17
11
118
21
11
118
26
11
119
26
12
118
26
12
117
27
14
116
25
14
116
26
15
117
28
14
120
28
13
121
29
11
124
26
10
122
23
9
121
22
10
122
20
11
121
19
13
120
18
13
118
19
15
116
19
16
115
22
21
115
20
19
113
19
18
110
19
18
110
19
18
110
20
19
111
20
19
111
21
19
109
24
19
110
24
19
111
24
16
109
24
16
111
26
15
111
26
14
114
25
13
113
25
13
113
24
14
114
23
14
111
21
16
108
20
18
108
19
18
104
18
18
102
22
19
104
25
19
106
30
23
108
33
24
105
42
32
109
51
43
114
59
53
118
57
54
116
48
48
108
51
49
108
