26
8
77
25
7
76
23
7
78
24
7
81
24
5
84
24
5
86
26
6
89
26
8
91
25
10
91
20
12
89
14
15
89
10
16
87
12
17
86
13
15
85
14
14
84
15
12
84
15
9
90
15
9
91
14
8
89
13
8
87
16
10
87
18
11
86
20
13
86
28
23
92
38
36
96
45
47
101
49
54
109
62
71
121
80
89
132
94
101
134
108
111
132
117
117
131
122
115
130
122
115
128
119
115
127
119
118
127
117
120
124
118
122
123
120
122
122
122
122
122
124
122
122
125
119
124
124
115
125
115
106
119
113
108
123
101
98
114
91
84
105
79
71
101
70
58
100
60
43
100
51
32
101
47
25
104
44
19
107
45
20
110
44
23
108
41
23
106
38
23
104
38
25
101
38
27
100
37
28
101
35
28
103
34
27
108
34
24
117
36
23
121
39
21
120
43
21
116
52
28
116
61
38
122
64
45
126
70
55
129
80
70
136
96
88
141
110
105
144
120
116
145
125
122
144
125
124
140
125
127
135
125
128
132
126
131
130
129
131
131
134
132
132
136
129
132
137
126
136
138
124
136
139
120
137
128
108
127
118
93
119
106
81
115
84
63
108
70
48
107
59
37
109
54
31
113
48
23
111
42
16
110
37
12
110
36
12
112
32
14
108
30
14
108
30
16
110
35
21
115
37
24
116
38
23
115
42
24
117
43
25
114
47
28
107
53
37
108
66
50
114
80
67
123
98
88
131
103
98
130
106
108
132
114
118
137
110
113
134
103
104
132
95
93
129
89
82
125
79
69
116
78
64
112
73
54
103
76
55
104
85
60
110
97
72
122
105
84
133
113
99
141
125
115
145
131
124
145
139
127
149
139
127
147
142
129
145
145
132
146
143
133
146
141
132
142
142
135
140
143
136
139
145
136
139
143
134
137
142
134
135
139
133
134
137
135
135
135
134
136
126
124
130
125
118
131
109
97
119
91
76
108
79
59
104
68
50
103
59
44
102
50
36
100
43
32
102
36
24
100
33
19
101
33
17
104
33
16
107
31
16
107
32
17
109
31
18
110
31
17
113
29
16
114
28
17
114
26
17
114
26
17
114
24
14
114
23
13
113
24
12
112
25
11
112
26
12
113
27
14
112
27
16
112
22
17
109
19
19
109
17
21
110
17
24
111
15
23
112
15
25
112
15
26
108
18
26
109
21
22
112
28
20
115
42
16
116
46
12
112
62
31
124
75
50
130
80
69
125
91
83
123
111
99
127
124
112
132
128
117
133
128
118
130
126
117
127
130
121
131
129
122
129
127
120
127
128
120
127
130
124
129
122
124
124
121
127
126
122
128
127
123
127
128
126
127
131
123
124
128
112
118
123
95
104
114
91
98
118
88
92
121
55
57
91
48
44
86
45
32
86
38
23
85
36
23
91
30
17
91
27
11
94
34
13
105
37
9
108
40
10
113
39
9
112
42
14
114
37
15
110
36
25
111
36
40
111
45
54
111
68
68
114
86
86
122
99
101
131
110
114
138
117
117
135
126
127
137
129
130
134
138
139
137
143
138
137
143
136
133
137
133
132
141
135
136
141
131
137
148
135
143
147
136
146
143
131
143
146
133
147
149
139
151
147
140
147
143
142
146
131
129
135
122
120
132
103
97
120
84
70
112
81
55
125
67
34
125
55
18
120
50
11
121
44
6
118
37
3
117
38
7
116
36
12
120
30
12
119
27
13
119
25
14
118
22
13
117
22
14
115
21
15
116
20
14
115
17
13
116
17
12
117
17
13
118
18
14
120
20
16
122
21
16
125
19
16
125
16
13
122
12
9
119
15
7
121
18
5
120
21
5
117
22
3
114
26
5
114
28
5
114
27
6
115
24
5
114
26
7
118
27
8
119
31
12
123
30
11
120
29
10
119
29
11
118
25
9
116
26
14
114
30
23
114
32
28
110
46
42
118
59
55
121
81
76
131
97
93
134
111
106
135
123
116
137
131
122
143
136
126
143
134
125
135
135
128
133
139
132
135
148
141
146
146
139
146
144
137
144
139
135
140
143
139
144
133
135
136
131
135
136
132
135
139
131
132
136
136
136
142
138
139
143
136
135
137
137
139
139
133
138
136
135
142
139
133
137
138
137
140
145
138
134
146
133
126
141
128
116
134
118
100
123
112
88
120
91
65
105
75
50
100
69
45
103
57
33
98
52
26
102
47
22
108
38
17
110
31
16
114
30
17
119
30
19
123
27
16
120
29
14
119
30
13
118
29
11
118
29
11
118
26
11
116
25
11
116
26
9
114
27
7
113
32
10
116
33
12
115
29
10
113
27
11
112
28
12
113
27
13
115
29
12
117
28
9
118
28
8
121
29
8
124
29
9
122
28
9
120
30
9
118
32
9
118
32
8
120
32
7
121
33
7
124
31
6
120
35
12
121
35
16
119
33
19
115
31
18
110
28
17
109
28
17
110
28
15
113
28
11
114
28
9
112
25
8
111
24
12
112
22
14
115
22
15
120
18
12
121
18
11
126
17
11
128
17
11
128
18
10
127
22
10
130
25
10
132
27
10
131
29
10
129
31
10
126
33
12
128
33
14
131
30
12
129
27
14
130
25
15
129
21
14
125
21
15
122
21
14
119
26
17
121
26
15
119
25
16
120
23
16
121
19
14
119
17
11
118
19
10
120
23
10
125
25
12
128
23
11
129
24
12
130
21
12
128
20
13
128
21
14
129
23
16
131
24
15
132
24
12
130
29
13
131
31
11
130
34
10
128
36
10
127
34
12
124
32
14
121
28
14
119
25
16
113
27
20
111
29
23
112
30
22
115
30
21
118
28
17
121
26
13
121
28
12
124
29
11
124
31
12
123
34
12
124
35
13
125
35
13
125
34
14
127
33
13
126
33
14
125
32
16
124
38
22
129
34
18
125
31
15
123
32
15
126
30
16
128
24
15
126
21
15
128
18
16
129
17
15
128
16
15
125
17
14
124
19
14
123
18
14
120
18
14
120
15
13
119
16
14
120
16
13
122
16
13
123
15
11
124
19
12
127
18
11
126
21
13
127
21
13
127
23
14
124
22
14
121
25
15
121
26
14
120
27
16
120
28
14
119
34
20
122
39
22
125
41
27
121
46
40
119
61
59
125
79
82
133
107
109
149
135
135
165
142
140
162
140
140
154
147
146
155
151
153
153
152
153
149
154
153
149
156
152
151
158
151
156
154
147
154
154
150
156
154
150
155
149
147
147
150
151
149
135
137
137
134
133
143
116
105
137
92
76
129
73
54
127
61
39
127
53
31
126
52
28
130
48
25
133
40
21
132
36
20
132
41
24
135
44
23
132
45
22
126
56
31
129
73
50
135
92
70
142
105
87
146
114
107
152
127
125
161
130
128
158
127
122
153
123
115
155
107
99
146
83
78
129
65
60
121
53
46
121
48
39
125
42
32
125
42
30
126
43
26
123
44
24
123
42
21
123
39
19
125
39
18
127
38
16
128
37
14
128
36
13
127
34
14
127
32
15
126
31
16
124
29
17
123
27
17
123
23
18
123
21
17
123
21
17
123
23
15
122
22
15
120
20
16
119
19
16
119
17
16
119
15
14
117
16
10
117
17
9
116
23
10
118
26
12
118
27
13
118
28
15
117
28
16
116
27
15
115
27
14
116
27
13
119
26
10
122
25
8
123
24
9
124
22
10
122
21
12
122
18
12
119
19
14
119
18
16
116
16
15
113
19
19
113
18
18
112
17
18
109
17
18
108
17
18
108
18
19
109
19
19
109
20
19
111
22
19
111
23
17
112
24
15
112
27
13
114
27
13
114
29
13
114
28
12
113
26
13
111
25
14
110
22
14
107
22
17
108
20
18
108
18
16
105
18
16
105
20
18
107
24
20
109
28
22
109
31
24
105
39
31
108
51
45
116
57
53
119
58
52
117
51
46
108
45
37
102
